-0.658335;0.039478
-0.658335;0.093853
-0.658335;0.148228
-0.658335;0.202603
-0.658335;0.256978
-0.658335;0.311353
-0.658335;0.365728
-0.658335;0.420103
-0.658335;0.474478
-0.658335;0.528853
-0.658335;0.583228
-0.658335;0.637603
-0.658335;0.691978
-0.658335;0.746353
-0.658335;0.800728
-0.60396;0.039478
-0.60396;0.093853
-0.60396;0.148228
-0.60396;0.202603
-0.60396;0.256978
-0.60396;0.311353
-0.60396;0.365728
-0.60396;0.420103
-0.60396;0.474478
-0.60396;0.528853
-0.60396;0.583228
-0.60396;0.637603
-0.60396;0.691978
-0.60396;0.746353
-0.60396;0.800728
-0.549585;0.039478
-0.549585;0.093853
-0.549585;0.148228
-0.549585;0.202603
-0.549585;0.256978
-0.549585;0.311353
-0.549585;0.365728
-0.549585;0.420103
-0.549585;0.474478
-0.549585;0.528853
-0.549585;0.583228
-0.549585;0.637603
-0.549585;0.691978
-0.549585;0.746353
-0.549585;0.800728
-0.49521;0.039478
-0.49521;0.093853
-0.49521;0.148228
-0.49521;0.202603
-0.49521;0.256978
-0.49521;0.311353
-0.49521;0.365728
-0.49521;0.420103
-0.49521;0.474478
-0.49521;0.528853
-0.49521;0.583228
-0.49521;0.637603
-0.49521;0.691978
-0.49521;0.746353
-0.49521;0.800728
-0.440835;0.039478
-0.440835;0.093853
-0.440835;0.148228
-0.440835;0.202603
-0.440835;0.256978
-0.440835;0.311353
-0.440835;0.365728
-0.440835;0.420103
-0.440835;0.474478
-0.440835;0.528853
-0.440835;0.583228
-0.440835;0.637603
-0.440835;0.691978
-0.440835;0.746353
-0.440835;0.800728
-0.38646;0.039478
-0.38646;0.093853
-0.38646;0.148228
-0.38646;0.202603
-0.38646;0.256978
-0.38646;0.311353
-0.38646;0.365728
-0.38646;0.420103
-0.38646;0.474478
-0.38646;0.528853
-0.38646;0.583228
-0.38646;0.637603
-0.38646;0.691978
-0.38646;0.746353
-0.38646;0.800728
-0.332085;0.039478
-0.332085;0.093853
-0.332085;0.148228
-0.332085;0.202603
-0.332085;0.256978
-0.332085;0.311353
-0.332085;0.365728
-0.332085;0.420103
-0.332085;0.474478
-0.332085;0.528853
-0.332085;0.583228
-0.332085;0.637603
-0.332085;0.691978
-0.332085;0.746353
-0.332085;0.800728
-0.27771;0.039478
-0.27771;0.093853
-0.27771;0.148228
-0.27771;0.202603
-0.27771;0.256978
-0.27771;0.311353
-0.27771;0.365728
-0.27771;0.420103
-0.27771;0.474478
-0.27771;0.528853
-0.27771;0.583228
-0.27771;0.637603
-0.27771;0.691978
-0.27771;0.746353
-0.27771;0.800728
-0.223335;0.039478
-0.223335;0.093853
-0.223335;0.148228
-0.223335;0.202603
-0.223335;0.256978
-0.223335;0.311353
-0.223335;0.365728
-0.223335;0.420103
-0.223335;0.474478
-0.223335;0.528853
-0.223335;0.583228
-0.223335;0.637603
-0.223335;0.691978
-0.223335;0.746353
-0.223335;0.800728
-0.16896;0.039478
-0.16896;0.093853
-0.16896;0.148228
-0.16896;0.202603
-0.16896;0.256978
-0.16896;0.311353
-0.16896;0.365728
-0.16896;0.420103
-0.16896;0.474478
-0.16896;0.528853
-0.16896;0.583228
-0.16896;0.637603
-0.16896;0.691978
-0.16896;0.746353
-0.16896;0.800728
-0.114585;0.039478
-0.114585;0.093853
-0.114585;0.148228
-0.114585;0.202603
-0.114585;0.256978
-0.114585;0.311353
-0.114585;0.365728
-0.114585;0.420103
-0.114585;0.474478
-0.114585;0.528853
-0.114585;0.583228
-0.114585;0.637603
-0.114585;0.691978
-0.114585;0.746353
-0.114585;0.800728
-0.06021;0.039478
-0.06021;0.093853
-0.06021;0.148228
-0.06021;0.202603
-0.06021;0.256978
-0.06021;0.311353
-0.06021;0.365728
-0.06021;0.420103
-0.06021;0.474478
-0.06021;0.528853
-0.06021;0.583228
-0.06021;0.637603
-0.06021;0.691978
-0.06021;0.746353
-0.06021;0.800728
-0.005835;0.039478
-0.005835;0.093853
-0.005835;0.148228
-0.005835;0.202603
-0.005835;0.256978
-0.005835;0.311353
-0.005835;0.365728
-0.005835;0.420103
-0.005835;0.474478
-0.005835;0.528853
-0.005835;0.583228
-0.005835;0.637603
-0.005835;0.691978
-0.005835;0.746353
-0.005835;0.800728
0.04854;0.039478
0.04854;0.093853
0.04854;0.148228
0.04854;0.202603
0.04854;0.256978
0.04854;0.311353
0.04854;0.365728
0.04854;0.420103
0.04854;0.474478
0.04854;0.528853
0.04854;0.583228
0.04854;0.637603
0.04854;0.691978
0.04854;0.746353
0.04854;0.800728
0.102915;0.039478
0.102915;0.093853
0.102915;0.148228
0.102915;0.202603
0.102915;0.256978
0.102915;0.311353
0.102915;0.365728
0.102915;0.420103
0.102915;0.474478
0.102915;0.528853
0.102915;0.583228
0.102915;0.637603
0.102915;0.691978
0.102915;0.746353
0.102915;0.800728
0.15729;0.039478
0.15729;0.093853
0.15729;0.148228
0.15729;0.202603
0.15729;0.256978
0.15729;0.311353
0.15729;0.365728
0.15729;0.420103
0.15729;0.474478
0.15729;0.528853
0.15729;0.583228
0.15729;0.637603
0.15729;0.691978
0.15729;0.746353
0.15729;0.800728
0.211665;0.039478
0.211665;0.093853
0.211665;0.148228
0.211665;0.202603
0.211665;0.256978
0.211665;0.311353
0.211665;0.365728
0.211665;0.420103
0.211665;0.474478
0.211665;0.528853
0.211665;0.583228
0.211665;0.637603
0.211665;0.691978
0.211665;0.746353
0.211665;0.800728
0.26604;0.039478
0.26604;0.093853
0.26604;0.148228
0.26604;0.202603
0.26604;0.256978
0.26604;0.311353
0.26604;0.365728
0.26604;0.420103
0.26604;0.474478
0.26604;0.528853
0.26604;0.583228
0.26604;0.637603
0.26604;0.691978
0.26604;0.746353
0.26604;0.800728
0.320415;0.039478
0.320415;0.093853
0.320415;0.148228
0.320415;0.202603
0.320415;0.256978
0.320415;0.311353
0.320415;0.365728
0.320415;0.420103
0.320415;0.474478
0.320415;0.528853
0.320415;0.583228
0.320415;0.637603
0.320415;0.691978
0.320415;0.746353
0.320415;0.800728
0.37479;0.039478
0.37479;0.093853
0.37479;0.148228
0.37479;0.202603
0.37479;0.256978
0.37479;0.311353
0.37479;0.365728
0.37479;0.420103
0.37479;0.474478
0.37479;0.528853
0.37479;0.583228
0.37479;0.637603
0.37479;0.691978
0.37479;0.746353
0.37479;0.800728
0.429165;0.039478
0.429165;0.093853
0.429165;0.148228
0.429165;0.202603
0.429165;0.256978
0.429165;0.311353
0.429165;0.365728
0.429165;0.420103
0.429165;0.474478
0.429165;0.528853
0.429165;0.583228
0.429165;0.637603
0.429165;0.691978
0.429165;0.746353
0.429165;0.800728
0.48354;0.039478
0.48354;0.093853
0.48354;0.148228
0.48354;0.202603
0.48354;0.256978
0.48354;0.311353
0.48354;0.365728
0.48354;0.420103
0.48354;0.474478
0.48354;0.528853
0.48354;0.583228
0.48354;0.637603
0.48354;0.691978
0.48354;0.746353
0.48354;0.800728
0.537915;0.039478
0.537915;0.093853
0.537915;0.148228
0.537915;0.202603
0.537915;0.256978
0.537915;0.311353
0.537915;0.365728
0.537915;0.420103
0.537915;0.474478
0.537915;0.528853
0.537915;0.583228
0.537915;0.637603
0.537915;0.691978
0.537915;0.746353
0.537915;0.800728
0.59229;0.039478
0.59229;0.093853
0.59229;0.148228
0.59229;0.202603
0.59229;0.256978
0.59229;0.311353
0.59229;0.365728
0.59229;0.420103
0.59229;0.474478
0.59229;0.528853
0.59229;0.583228
0.59229;0.637603
0.59229;0.691978
0.59229;0.746353
0.59229;0.800728
0.646665;0.039478
0.646665;0.093853
0.646665;0.148228
0.646665;0.202603
0.646665;0.256978
0.646665;0.311353
0.646665;0.365728
0.646665;0.420103
0.646665;0.474478
0.646665;0.528853
0.646665;0.583228
0.646665;0.637603
0.646665;0.691978
0.646665;0.746353
0.646665;0.800728
0.70104;0.039478
0.70104;0.093853
0.70104;0.148228
0.70104;0.202603
0.70104;0.256978
0.70104;0.311353
0.70104;0.365728
0.70104;0.420103
0.70104;0.474478
0.70104;0.528853
0.70104;0.583228
0.70104;0.637603
0.70104;0.691978
0.70104;0.746353
0.70104;0.800728
0.755415;0.039478
0.755415;0.093853
0.755415;0.148228
0.755415;0.202603
0.755415;0.256978
0.755415;0.311353
0.755415;0.365728
0.755415;0.420103
0.755415;0.474478
0.755415;0.528853
0.755415;0.583228
0.755415;0.637603
0.755415;0.691978
0.755415;0.746353
0.755415;0.800728
-0.5767725;0.148228
-0.5767725;0.202603
-0.5767725;0.256978
-0.5767725;0.311353
-0.5767725;0.365728
-0.5767725;0.420103
-0.5223975;0.039478
-0.5223975;0.093853
-0.5223975;0.148228
-0.5223975;0.202603
-0.5223975;0.256978
-0.5223975;0.311353
-0.5223975;0.365728
-0.5223975;0.420103
-0.5223975;0.474478
-0.5223975;0.528853
-0.4680225;0.039478
-0.4680225;0.093853
-0.4680225;0.148228
-0.4680225;0.202603
-0.4680225;0.256978
-0.4680225;0.311353
-0.4680225;0.365728
-0.4680225;0.420103
-0.4680225;0.474478
-0.4680225;0.528853
-0.4680225;0.583228
-0.4136475;0.093853
-0.4136475;0.148228
-0.4136475;0.202603
-0.4136475;0.256978
-0.4136475;0.311353
-0.4136475;0.365728
-0.4136475;0.420103
-0.4136475;0.474478
-0.4136475;0.528853
-0.4136475;0.583228
-0.4136475;0.637603
-0.3592725;0.093853
-0.3592725;0.148228
-0.3592725;0.202603
-0.3592725;0.256978
-0.3592725;0.311353
-0.3592725;0.365728
-0.3592725;0.420103
-0.3592725;0.474478
-0.3592725;0.528853
-0.3592725;0.583228
-0.3592725;0.637603
-0.3048975;0.093853
-0.3048975;0.148228
-0.3048975;0.202603
-0.3048975;0.256978
-0.3048975;0.311353
-0.3048975;0.365728
-0.3048975;0.420103
-0.3048975;0.474478
-0.3048975;0.528853
-0.3048975;0.583228
-0.3048975;0.637603
-0.3048975;0.691978
-0.2505225;0.093853
-0.2505225;0.148228
-0.2505225;0.202603
-0.2505225;0.256978
-0.2505225;0.311353
-0.2505225;0.365728
-0.2505225;0.420103
-0.2505225;0.474478
-0.2505225;0.528853
-0.2505225;0.583228
-0.2505225;0.637603
-0.2505225;0.691978
-0.1961475;0.093853
-0.1961475;0.148228
-0.1961475;0.202603
-0.1961475;0.256978
-0.1961475;0.311353
-0.1961475;0.365728
-0.1961475;0.420103
-0.1961475;0.474478
-0.1961475;0.528853
-0.1961475;0.583228
-0.1961475;0.637603
-0.1961475;0.691978
-0.1417725;0.148228
-0.1417725;0.202603
-0.1417725;0.256978
-0.1417725;0.311353
-0.1417725;0.365728
-0.1417725;0.420103
-0.1417725;0.474478
-0.1417725;0.528853
-0.1417725;0.583228
-0.1417725;0.637603
-0.1417725;0.691978
-0.1417725;0.746353
-0.0873975;0.202603
-0.0873975;0.256978
-0.0873975;0.311353
-0.0873975;0.365728
-0.0873975;0.420103
-0.0873975;0.474478
-0.0873975;0.528853
-0.0873975;0.583228
-0.0873975;0.637603
-0.0873975;0.691978
-0.0873975;0.746353
-0.0330225;0.202603
-0.0330225;0.256978
-0.0330225;0.311353
-0.0330225;0.365728
-0.0330225;0.420103
-0.0330225;0.474478
-0.0330225;0.528853
-0.0330225;0.583228
-0.0330225;0.637603
-0.0330225;0.691978
-0.0330225;0.746353
0.0213525;0.202603
0.0213525;0.256978
0.0213525;0.311353
0.0213525;0.365728
0.0213525;0.420103
0.0213525;0.474478
0.0213525;0.528853
0.0213525;0.583228
0.0213525;0.637603
0.0213525;0.691978
0.0213525;0.746353
0.0757275;0.202603
0.0757275;0.256978
0.0757275;0.311353
0.0757275;0.365728
0.0757275;0.420103
0.0757275;0.474478
0.0757275;0.528853
0.0757275;0.583228
0.0757275;0.637603
0.0757275;0.691978
0.0757275;0.746353
0.1301025;0.256978
0.1301025;0.311353
0.1301025;0.365728
0.1301025;0.420103
0.1301025;0.474478
0.1301025;0.528853
0.1301025;0.583228
0.1301025;0.637603
0.1301025;0.691978
0.1301025;0.746353
0.1844775;0.256978
0.1844775;0.311353
0.1844775;0.365728
0.1844775;0.420103
0.1844775;0.474478
0.1844775;0.528853
0.1844775;0.583228
0.1844775;0.637603
0.1844775;0.691978
0.1844775;0.746353
0.2388525;0.256978
0.2388525;0.311353
0.2388525;0.365728
0.2388525;0.420103
0.2388525;0.474478
0.2388525;0.528853
0.2388525;0.583228
0.2388525;0.637603
0.2388525;0.691978
0.2932275;0.311353
0.2932275;0.365728
0.2932275;0.420103
0.2932275;0.474478
0.2932275;0.528853
0.2932275;0.583228
0.2932275;0.637603
0.2932275;0.691978
0.3476025;0.311353
0.3476025;0.365728
0.3476025;0.420103
0.3476025;0.474478
0.3476025;0.528853
0.3476025;0.583228
0.3476025;0.637603
0.4019775;0.256978
0.4019775;0.311353
0.4019775;0.365728
0.4019775;0.420103
0.4019775;0.474478
0.4019775;0.528853
0.4019775;0.583228
0.4019775;0.637603
0.4563525;0.256978
0.4563525;0.311353
0.4563525;0.365728
0.4563525;0.420103
0.4563525;0.474478
0.4563525;0.528853
0.4563525;0.583228
0.5107275;0.202603
0.5107275;0.256978
0.5107275;0.311353
0.5107275;0.365728
0.5107275;0.420103
0.5107275;0.474478
0.5107275;0.528853
0.5651025;0.202603
0.5651025;0.256978
0.5651025;0.311353
0.5651025;0.365728
0.5651025;0.420103
0.5651025;0.474478
0.6194775;0.093853
0.6194775;0.148228
0.6194775;0.202603
0.6194775;0.256978
0.6194775;0.311353
0.6194775;0.365728
0.6194775;0.420103
0.6738525;0.039478
0.6738525;0.093853
0.6738525;0.148228
0.6738525;0.202603
0.6738525;0.256978
0.6738525;0.311353
0.6738525;0.365728
0.7282275;0.039478
0.7282275;0.093853
0.7282275;0.148228
0.7282275;0.202603
-0.60396;0.2297905
-0.60396;0.2841655
-0.60396;0.3385405
-0.549585;0.0666655
-0.549585;0.1210405
-0.549585;0.1754155
-0.549585;0.2297905
-0.549585;0.2841655
-0.549585;0.3385405
-0.549585;0.3929155
-0.549585;0.4472905
-0.549585;0.5016655
-0.49521;0.0666655
-0.49521;0.1210405
-0.49521;0.1754155
-0.49521;0.2297905
-0.49521;0.2841655
-0.49521;0.3385405
-0.49521;0.3929155
-0.49521;0.4472905
-0.49521;0.5016655
-0.49521;0.5560405
-0.440835;0.0666655
-0.440835;0.1210405
-0.440835;0.1754155
-0.440835;0.2297905
-0.440835;0.2841655
-0.440835;0.3385405
-0.440835;0.3929155
-0.440835;0.4472905
-0.440835;0.5016655
-0.440835;0.5560405
-0.440835;0.6104155
-0.38646;0.0666655
-0.38646;0.1210405
-0.38646;0.1754155
-0.38646;0.2297905
-0.38646;0.2841655
-0.38646;0.3385405
-0.38646;0.3929155
-0.38646;0.4472905
-0.38646;0.5016655
-0.38646;0.5560405
-0.38646;0.6104155
-0.38646;0.6647905
-0.332085;0.0666655
-0.332085;0.1210405
-0.332085;0.1754155
-0.332085;0.2297905
-0.332085;0.2841655
-0.332085;0.3385405
-0.332085;0.3929155
-0.332085;0.4472905
-0.332085;0.5016655
-0.332085;0.5560405
-0.332085;0.6104155
-0.332085;0.6647905
-0.27771;0.0666655
-0.27771;0.1210405
-0.27771;0.1754155
-0.27771;0.2297905
-0.27771;0.2841655
-0.27771;0.3385405
-0.27771;0.3929155
-0.27771;0.4472905
-0.27771;0.5016655
-0.27771;0.5560405
-0.27771;0.6104155
-0.27771;0.6647905
-0.223335;0.0666655
-0.223335;0.1210405
-0.223335;0.1754155
-0.223335;0.2297905
-0.223335;0.2841655
-0.223335;0.3385405
-0.223335;0.3929155
-0.223335;0.4472905
-0.223335;0.5016655
-0.223335;0.5560405
-0.223335;0.6104155
-0.223335;0.6647905
-0.223335;0.7191655
-0.16896;0.1210405
-0.16896;0.1754155
-0.16896;0.2297905
-0.16896;0.2841655
-0.16896;0.3385405
-0.16896;0.3929155
-0.16896;0.4472905
-0.16896;0.5016655
-0.16896;0.5560405
-0.16896;0.6104155
-0.16896;0.6647905
-0.16896;0.7191655
-0.114585;0.1754155
-0.114585;0.2297905
-0.114585;0.2841655
-0.114585;0.3385405
-0.114585;0.3929155
-0.114585;0.4472905
-0.114585;0.5016655
-0.114585;0.5560405
-0.114585;0.6104155
-0.114585;0.6647905
-0.114585;0.7191655
-0.06021;0.1754155
-0.06021;0.2297905
-0.06021;0.2841655
-0.06021;0.3385405
-0.06021;0.3929155
-0.06021;0.4472905
-0.06021;0.5016655
-0.06021;0.5560405
-0.06021;0.6104155
-0.06021;0.6647905
-0.06021;0.7191655
-0.005835;0.2297905
-0.005835;0.2841655
-0.005835;0.3385405
-0.005835;0.3929155
-0.005835;0.4472905
-0.005835;0.5016655
-0.005835;0.5560405
-0.005835;0.6104155
-0.005835;0.6647905
-0.005835;0.7191655
0.04854;0.1754155
0.04854;0.2297905
0.04854;0.2841655
0.04854;0.3385405
0.04854;0.3929155
0.04854;0.4472905
0.04854;0.5016655
0.04854;0.5560405
0.04854;0.6104155
0.04854;0.6647905
0.04854;0.7191655
0.102915;0.2297905
0.102915;0.2841655
0.102915;0.3385405
0.102915;0.3929155
0.102915;0.4472905
0.102915;0.5016655
0.102915;0.5560405
0.102915;0.6104155
0.102915;0.6647905
0.102915;0.7191655
0.15729;0.2841655
0.15729;0.3385405
0.15729;0.3929155
0.15729;0.4472905
0.15729;0.5016655
0.15729;0.5560405
0.15729;0.6104155
0.15729;0.6647905
0.15729;0.7191655
0.211665;0.2841655
0.211665;0.3385405
0.211665;0.3929155
0.211665;0.4472905
0.211665;0.5016655
0.211665;0.5560405
0.211665;0.6104155
0.211665;0.6647905
0.211665;0.7191655
0.26604;0.2841655
0.26604;0.3385405
0.26604;0.3929155
0.26604;0.4472905
0.26604;0.5016655
0.26604;0.5560405
0.26604;0.6104155
0.26604;0.6647905
0.26604;0.7191655
0.320415;0.2841655
0.320415;0.3385405
0.320415;0.3929155
0.320415;0.4472905
0.320415;0.5016655
0.320415;0.5560405
0.320415;0.6104155
0.320415;0.6647905
0.37479;0.2841655
0.37479;0.3385405
0.37479;0.3929155
0.37479;0.4472905
0.37479;0.5016655
0.37479;0.5560405
0.37479;0.6104155
0.37479;0.6647905
0.429165;0.2841655
0.429165;0.3385405
0.429165;0.3929155
0.429165;0.4472905
0.429165;0.5016655
0.429165;0.5560405
0.429165;0.6104155
0.48354;0.2297905
0.48354;0.2841655
0.48354;0.3385405
0.48354;0.3929155
0.48354;0.4472905
0.48354;0.5016655
0.48354;0.5560405
0.537915;0.1754155
0.537915;0.2297905
0.537915;0.2841655
0.537915;0.3385405
0.537915;0.3929155
0.537915;0.4472905
0.537915;0.5016655
0.59229;0.1210405
0.59229;0.1754155
0.59229;0.2297905
0.59229;0.2841655
0.59229;0.3385405
0.59229;0.3929155
0.59229;0.4472905
0.646665;0.0666655
0.646665;0.1210405
0.646665;0.1754155
0.646665;0.2297905
0.646665;0.2841655
0.646665;0.3385405
0.646665;0.3929155
0.70104;0.0666655
0.70104;0.1210405
0.70104;0.1754155
0.70104;0.2297905
0.70104;0.2841655
0.755415;0.0666655
0.755415;0.1210405
-0.5767725;0.1210405
-0.5767725;0.1754155
-0.5767725;0.2297905
-0.5767725;0.2841655
-0.5767725;0.3385405
-0.5767725;0.3929155
-0.5223975;0.0666655
-0.5223975;0.1210405
-0.5223975;0.1754155
-0.5223975;0.2297905
-0.5223975;0.2841655
-0.5223975;0.3385405
-0.5223975;0.3929155
-0.5223975;0.4472905
-0.5223975;0.5016655
-0.4680225;0.0666655
-0.4680225;0.1210405
-0.4680225;0.1754155
-0.4680225;0.2297905
-0.4680225;0.2841655
-0.4680225;0.3385405
-0.4680225;0.3929155
-0.4680225;0.4472905
-0.4680225;0.5016655
-0.4680225;0.5560405
-0.4136475;0.0666655
-0.4136475;0.1210405
-0.4136475;0.1754155
-0.4136475;0.2297905
-0.4136475;0.2841655
-0.4136475;0.3385405
-0.4136475;0.3929155
-0.4136475;0.4472905
-0.4136475;0.5016655
-0.4136475;0.5560405
-0.4136475;0.6104155
-0.3592725;0.0666655
-0.3592725;0.1210405
-0.3592725;0.1754155
-0.3592725;0.2297905
-0.3592725;0.2841655
-0.3592725;0.3385405
-0.3592725;0.3929155
-0.3592725;0.4472905
-0.3592725;0.5016655
-0.3592725;0.5560405
-0.3592725;0.6104155
-0.3592725;0.6647905
-0.3048975;0.0666655
-0.3048975;0.1210405
-0.3048975;0.1754155
-0.3048975;0.2297905
-0.3048975;0.2841655
-0.3048975;0.3385405
-0.3048975;0.3929155
-0.3048975;0.4472905
-0.3048975;0.5016655
-0.3048975;0.5560405
-0.3048975;0.6104155
-0.3048975;0.6647905
-0.2505225;0.0666655
-0.2505225;0.1210405
-0.2505225;0.1754155
-0.2505225;0.2297905
-0.2505225;0.2841655
-0.2505225;0.3385405
-0.2505225;0.3929155
-0.2505225;0.4472905
-0.2505225;0.5016655
-0.2505225;0.5560405
-0.2505225;0.6104155
-0.2505225;0.6647905
-0.2505225;0.7191655
-0.1961475;0.0666655
-0.1961475;0.1210405
-0.1961475;0.1754155
-0.1961475;0.2297905
-0.1961475;0.2841655
-0.1961475;0.3385405
-0.1961475;0.3929155
-0.1961475;0.4472905
-0.1961475;0.5016655
-0.1961475;0.5560405
-0.1961475;0.6104155
-0.1961475;0.6647905
-0.1961475;0.7191655
-0.1417725;0.1210405
-0.1417725;0.1754155
-0.1417725;0.2297905
-0.1417725;0.2841655
-0.1417725;0.3385405
-0.1417725;0.3929155
-0.1417725;0.4472905
-0.1417725;0.5016655
-0.1417725;0.5560405
-0.1417725;0.6104155
-0.1417725;0.6647905
-0.1417725;0.7191655
-0.0873975;0.1754155
-0.0873975;0.2297905
-0.0873975;0.2841655
-0.0873975;0.3385405
-0.0873975;0.3929155
-0.0873975;0.4472905
-0.0873975;0.5016655
-0.0873975;0.5560405
-0.0873975;0.6104155
-0.0873975;0.6647905
-0.0873975;0.7191655
-0.0330225;0.2297905
-0.0330225;0.2841655
-0.0330225;0.3385405
-0.0330225;0.3929155
-0.0330225;0.4472905
-0.0330225;0.5016655
-0.0330225;0.5560405
-0.0330225;0.6104155
-0.0330225;0.6647905
-0.0330225;0.7191655
0.0213525;0.2297905
0.0213525;0.2841655
0.0213525;0.3385405
0.0213525;0.3929155
0.0213525;0.4472905
0.0213525;0.5016655
0.0213525;0.5560405
0.0213525;0.6104155
0.0213525;0.6647905
0.0213525;0.7191655
0.0757275;0.2297905
0.0757275;0.2841655
0.0757275;0.3385405
0.0757275;0.3929155
0.0757275;0.4472905
0.0757275;0.5016655
0.0757275;0.5560405
0.0757275;0.6104155
0.0757275;0.6647905
0.0757275;0.7191655
0.1301025;0.2297905
0.1301025;0.2841655
0.1301025;0.3385405
0.1301025;0.3929155
0.1301025;0.4472905
0.1301025;0.5016655
0.1301025;0.5560405
0.1301025;0.6104155
0.1301025;0.6647905
0.1301025;0.7191655
0.1844775;0.2841655
0.1844775;0.3385405
0.1844775;0.3929155
0.1844775;0.4472905
0.1844775;0.5016655
0.1844775;0.5560405
0.1844775;0.6104155
0.1844775;0.6647905
0.1844775;0.7191655
0.2388525;0.2841655
0.2388525;0.3385405
0.2388525;0.3929155
0.2388525;0.4472905
0.2388525;0.5016655
0.2388525;0.5560405
0.2388525;0.6104155
0.2388525;0.6647905
0.2388525;0.7191655
0.2932275;0.2841655
0.2932275;0.3385405
0.2932275;0.3929155
0.2932275;0.4472905
0.2932275;0.5016655
0.2932275;0.5560405
0.2932275;0.6104155
0.2932275;0.6647905
0.3476025;0.2841655
0.3476025;0.3385405
0.3476025;0.3929155
0.3476025;0.4472905
0.3476025;0.5016655
0.3476025;0.5560405
0.3476025;0.6104155
0.3476025;0.6647905
0.4019775;0.2841655
0.4019775;0.3385405
0.4019775;0.3929155
0.4019775;0.4472905
0.4019775;0.5016655
0.4019775;0.5560405
0.4019775;0.6104155
0.4563525;0.2297905
0.4563525;0.2841655
0.4563525;0.3385405
0.4563525;0.3929155
0.4563525;0.4472905
0.4563525;0.5016655
0.4563525;0.5560405
0.4563525;0.6104155
0.5107275;0.2297905
0.5107275;0.2841655
0.5107275;0.3385405
0.5107275;0.3929155
0.5107275;0.4472905
0.5107275;0.5016655
0.5107275;0.5560405
0.5651025;0.1754155
0.5651025;0.2297905
0.5651025;0.2841655
0.5651025;0.3385405
0.5651025;0.3929155
0.5651025;0.4472905
0.5651025;0.5016655
0.6194775;0.1210405
0.6194775;0.1754155
0.6194775;0.2297905
0.6194775;0.2841655
0.6194775;0.3385405
0.6194775;0.3929155
0.6194775;0.4472905
0.6738525;0.0666655
0.6738525;0.1210405
0.6738525;0.1754155
0.6738525;0.2297905
0.6738525;0.2841655
0.6738525;0.3385405
0.7282275;0.0666655
0.7282275;0.1210405
0.7282275;0.1754155
0.7282275;0.2297905
